11.868215
9.332725
-0.273924
-8.322455
0	-4.297439	-3.396377	-0.964846
1	-5.930278	-0.957967	0.059970
2	4.769936	-2.036949	-0.297023
3	-5.001789	4.566755	-0.684713
4	-4.123192	-2.280698	0.023029
5	-4.482815	-0.929119	-0.249043
6	-4.183998	2.328506	-0.151001
7	-2.882907	-3.476345	-1.314914
8	-1.973914	-2.635668	-0.425239
9	-3.291148	0.128822	0.070105
10	-2.933649	1.586711	-0.122638
11	-2.789166	4.423226	-1.061732
12	-2.703198	-1.906299	0.422078
13	-2.087836	-0.536443	0.459167
14	-1.452776	2.293125	-0.080829
15	-0.927121	3.711929	0.096844
16	-1.359798	-3.474319	0.413427
17	0.934691	-1.960142	0.042306
18	-0.332019	1.456839	-0.223875
19	-1.981366	4.489846	0.130978
20	0.644213	-0.512544	0.291659
21	-0.721722	-0.032658	-0.063306
22	1.089725	1.977378	0.093154
23	1.651192	4.617084	0.330778
24	0.288716	-4.620199	0.054716
25	0.035521	-3.208658	0.326910
26	1.976470	3.281075	0.006344
27	2.661703	-3.493636	0.504308
28	4.446399	4.603021	-0.160269
29	1.720912	0.688217	0.217076
30	3.413554	3.417152	-0.058354
31	3.947738	2.276315	0.540989
32	2.381689	-2.103794	0.150775
33	3.197949	0.951869	0.348261
34	3.534275	-1.321456	-0.467807
35	5.523442	0.404550	-0.042109
36	5.770845	4.169922	0.186923
37	4.172179	-3.379045	0.288783
38	-4.040981	3.583175	-0.918920
39	-5.559807	1.711647	0.287394
40	5.397306	2.743039	0.616462
41	4.047457	0.085679	-0.294374
0	0	3
1	0	4
2	3	36
3	1	2
4	1	5
5	2	37
6	38	6
7	1	35
8	0	7
9	3	38
10	4	5
11	4	12
12	5	9
13	38	11
14	6	10
15	7	11
16	8	7
17	8	12
18	9	10
19	9	13
20	10	14
21	11	19
22	12	13
23	8	16
24	13	21
25	14	15
26	14	18
27	15	19
28	16	19
29	16	25
30	21	18
31	20	21
32	18	22
33	15	24
34	20	17
35	25	24
36	17	25
37	26	23
38	22	26
39	23	24
40	23	27
41	27	37
42	29	22
43	20	29
44	26	30
45	28	30
46	32	17
47	27	32
48	29	33
49	30	31
50	31	33
51	31	40
52	36	40
53	28	36
54	33	41
55	34	32
56	34	41
57	39	40
58	28	37
59	2	34
60	39	35
61	39	6
62	35	41
