20.351597
14.100000
0.000000
0.000000
0	-9.158219	-5.875000	0.000000
1	-9.158219	-1.175000	0.000000
2	-9.158219	1.175000	0.000000
3	-9.158219	5.875000	0.000000
4	-7.123059	-4.700000	0.000000
5	-7.123059	-2.350000	0.000000
6	-7.123059	2.350000	0.000000
7	-7.123059	4.700000	0.000000
8	-5.087899	-5.875000	0.000000
9	-5.087899	-1.175000	0.000000
10	-5.087899	1.175000	0.000000
11	-5.087899	5.875000	0.000000
12	-3.052740	-4.700000	0.000000
13	-3.052740	-2.350000	0.000000
14	-3.052740	2.350000	0.000000
15	-3.052740	4.700000	0.000000
16	-1.017580	-5.875000	0.000000
17	-1.017580	-1.175000	0.000000
18	-1.017580	1.175000	0.000000
19	-1.017580	5.875000	0.000000
20	1.017580	-4.700000	0.000000
21	1.017580	-2.350000	0.000000
22	1.017580	2.350000	0.000000
23	1.017580	4.700000	0.000000
24	3.052740	-5.875000	0.000000
25	3.052740	-1.175000	0.000000
26	3.052740	1.175000	0.000000
27	3.052740	5.875000	0.000000
28	5.087899	-4.700000	0.000000
29	5.087899	-2.350000	0.000000
30	5.087899	2.350000	0.000000
31	5.087899	4.700000	0.000000
32	7.123059	-5.875000	0.000000
33	7.123059	-1.175000	0.000000
34	7.123059	1.175000	0.000000
35	7.123059	5.875000	0.000000
36	9.158219	-4.700000	0.000000
37	9.158219	-2.350000	0.000000
38	9.158219	2.350000	0.000000
39	9.158219	4.700000	0.000000
0	0	3
1	0	4
2	0	36
3	1	2
4	1	5
5	1	37
6	2	6
7	2	38
8	3	7
9	3	39
10	4	5
11	4	8
12	5	9
13	6	7
14	6	10
15	7	11
16	8	11
17	8	12
18	9	10
19	9	13
20	10	14
21	11	15
22	12	13
23	12	16
24	13	17
25	14	15
26	14	18
27	15	19
28	16	19
29	16	20
30	17	18
31	17	21
32	18	22
33	19	23
34	20	21
35	20	24
36	21	25
37	22	23
38	22	26
39	23	27
40	24	27
41	24	28
42	25	26
43	25	29
44	26	30
45	27	31
46	28	29
47	28	32
48	29	33
49	30	31
50	30	34
51	31	35
52	32	35
53	32	36
54	33	34
55	33	37
56	34	38
57	35	39
58	36	37
59	38	39
